A^(-1)
0.030418618827931204 0.6172025849254956 -0.5811606785077307 -0.6494458422153466 0.49144950296312573 0.10743990804656264 0.2673467044681075
-0.06744874729076969 0.06470464220899524 -0.021808603606235398 -0.04235550200513338 -0.10123201254240258 0.1587213323301823 0.017138429847052376
-0.01973845087086286 0.06515550335385609 0.008521456935108529 0.041426373452881415 0.038345411204911806 0.05725803909084384 -0.125114215085801
-0.13594814356243642 -0.18326136875951493 0.1276525918418761 0.3163025127809563 -0.03752223875048804 -0.16364911710594382 -0.009678871502522432
0.07256613255506718 -0.164614773195097 0.0502663934996684 0.3250943667107039 -0.04431801721366273 -0.20901629854451964 -0.05439545601560809
-0.03471338560231779 -0.4534016196108627 0.5838171652000906 0.3738872045992057 -0.4383278229124557 -0.07220158297179728 -0.1517137221588063
0.13371669576930972 0.2512290893815862 -0.2794479642210961 -0.5203579284050215 0.23740830630927126 0.19384043495067124 0.16231719120496518
A^(-1)A
0.9999999999999991 -8.881784197001252E-16 -6.661338147750939E-16 -4.440892098500626E-16 -4.440892098500626E-16 -6.661338147750939E-16 -4.440892098500626E-16
0.0 0.9999999999999996 -2.42861286636753E-16 -1.3877787807814457E-16 -5.551115123125783E-17 -1.1102230246251565E-16 5.551115123125783E-17
-1.1102230246251565E-16 -6.661338147750939E-16 0.9999999999999993 -5.551115123125783E-16 -8.881784197001252E-16 -5.551115123125783E-16 -4.440892098500626E-16
1.3877787807814457E-17 3.885780586188048E-16 -2.5673907444456745E-16 1.0000000000000002 8.326672684688674E-17 1.1102230246251565E-16 -3.608224830031759E-16
-5.551115123125783E-17 3.885780586188048E-16 -8.326672684688674E-17 1.6653345369377348E-16 1.0000000000000004 0.0 -3.3306690738754696E-16
5.551115123125783E-16 6.661338147750939E-16 2.7755575615628914E-16 6.661338147750939E-16 0.0 1.0000000000000004 1.1102230246251565E-15
0.0 -8.881784197001252E-16 -8.326672684688674E-16 -6.661338147750939E-16 -8.881784197001252E-16 -4.440892098500626E-16 0.9999999999999993
AA^(-1)
1.0000000000000002 2.220446049250313E-16 -2.220446049250313E-16 0.0 -2.220446049250313E-16 0.0 1.1102230246251565E-16
3.3480163086352377E-16 0.9999999999999999 -7.147060721024445E-16 -1.27675647831893E-15 6.210310043996969E-16 6.245004513516506E-17 3.920475055707584E-16
4.440892098500626E-16 -2.220446049250313E-16 0.9999999999999996 -1.3322676295501878E-15 -2.220446049250313E-16 2.220446049250313E-16 3.3306690738754696E-16
3.3306690738754696E-16 0.0 -2.220446049250313E-16 0.9999999999999991 6.661338147750939E-16 0.0 0.0
2.220446049250313E-16 0.0 -4.440892098500626E-16 -8.881784197001252E-16 1.0000000000000002 -4.440892098500626E-16 -2.220446049250313E-16
4.440892098500626E-16 4.440892098500626E-16 -1.3322676295501878E-15 -1.7763568394002505E-15 4.440892098500626E-16 0.9999999999999998 2.220446049250313E-16
4.440892098500626E-16 -1.7763568394002505E-15 4.440892098500626E-16 8.881784197001252E-16 -2.220446049250313E-16 -6.661338147750939E-16 0.9999999999999998
A^(-1)
0.030418618827931204 0.6172025849254956 -0.5811606785077307 -0.6494458422153466 0.49144950296312573 0.10743990804656264 0.2673467044681075
-0.06744874729076969 0.06470464220899524 -0.021808603606235398 -0.04235550200513338 -0.10123201254240258 0.1587213323301823 0.017138429847052376
-0.01973845087086286 0.06515550335385609 0.008521456935108529 0.041426373452881415 0.038345411204911806 0.05725803909084384 -0.125114215085801
-0.13594814356243642 -0.18326136875951493 0.1276525918418761 0.3163025127809563 -0.03752223875048804 -0.16364911710594382 -0.009678871502522432
0.07256613255506718 -0.164614773195097 0.0502663934996684 0.3250943667107039 -0.04431801721366273 -0.20901629854451964 -0.05439545601560809
-0.03471338560231779 -0.4534016196108627 0.5838171652000906 0.3738872045992057 -0.4383278229124557 -0.07220158297179728 -0.1517137221588063
0.13371669576930972 0.2512290893815862 -0.2794479642210961 -0.5203579284050215 0.23740830630927126 0.19384043495067124 0.16231719120496518
A^(-1)A
0.9999999999999991 -8.881784197001252E-16 -6.661338147750939E-16 -4.440892098500626E-16 -4.440892098500626E-16 -6.661338147750939E-16 -4.440892098500626E-16
0.0 0.9999999999999996 -2.42861286636753E-16 -1.3877787807814457E-16 -5.551115123125783E-17 -1.1102230246251565E-16 5.551115123125783E-17
-1.1102230246251565E-16 -6.661338147750939E-16 0.9999999999999993 -5.551115123125783E-16 -8.881784197001252E-16 -5.551115123125783E-16 -4.440892098500626E-16
1.3877787807814457E-17 3.885780586188048E-16 -2.5673907444456745E-16 1.0000000000000002 8.326672684688674E-17 1.1102230246251565E-16 -3.608224830031759E-16
-5.551115123125783E-17 3.885780586188048E-16 -8.326672684688674E-17 1.6653345369377348E-16 1.0000000000000004 0.0 -3.3306690738754696E-16
5.551115123125783E-16 6.661338147750939E-16 2.7755575615628914E-16 6.661338147750939E-16 0.0 1.0000000000000004 1.1102230246251565E-15
0.0 -8.881784197001252E-16 -8.326672684688674E-16 -6.661338147750939E-16 -8.881784197001252E-16 -4.440892098500626E-16 0.9999999999999993
AA^(-1)
1.0000000000000002 2.220446049250313E-16 -2.220446049250313E-16 0.0 -2.220446049250313E-16 0.0 1.1102230246251565E-16
3.3480163086352377E-16 0.9999999999999999 -7.147060721024445E-16 -1.27675647831893E-15 6.210310043996969E-16 6.245004513516506E-17 3.920475055707584E-16
4.440892098500626E-16 -2.220446049250313E-16 0.9999999999999996 -1.3322676295501878E-15 -2.220446049250313E-16 2.220446049250313E-16 3.3306690738754696E-16
3.3306690738754696E-16 0.0 -2.220446049250313E-16 0.9999999999999991 6.661338147750939E-16 0.0 0.0
2.220446049250313E-16 0.0 -4.440892098500626E-16 -8.881784197001252E-16 1.0000000000000002 -4.440892098500626E-16 -2.220446049250313E-16
4.440892098500626E-16 4.440892098500626E-16 -1.3322676295501878E-15 -1.7763568394002505E-15 4.440892098500626E-16 0.9999999999999998 2.220446049250313E-16
4.440892098500626E-16 -1.7763568394002505E-15 4.440892098500626E-16 8.881784197001252E-16 -2.220446049250313E-16 -6.661338147750939E-16 0.9999999999999998
