./eigen_jacobi: input matrix A
  1.000000  0.800000  0.700000  0.600000
  0.800000  1.000000  0.750000  0.550000
  0.700000  0.750000  1.000000  0.400000
  0.600000  0.550000  0.400000  1.000000
jacobi: cycle 1, found non-orthogonral max a[1][2]=0.800000
jacobi: cos_t=0.707107, sin_t=0.707107
jacobi: A(1)
  1.800000  0.000000  1.025305  0.813173
  0.000000  0.200000  0.035355 -0.035355
  1.025305  0.035355  1.000000  0.400000
  0.813173 -0.035355  0.400000  1.000000
jacobi: R(1)
  0.707107 -0.707107  0.000000  0.000000
  0.707107  0.707107  0.000000  0.000000
  0.000000  0.000000  1.000000  0.000000
  0.000000  0.000000  0.000000  1.000000
jacobi: cycle 2, found non-orthogonral max a[1][3]=1.025305
jacobi: cos_t=0.825666, sin_t=0.564159
jacobi: A(2)
  2.500568  0.019946  0.000000  0.897073
  0.019946  0.200000  0.029192 -0.035355
  0.000000  0.029192  0.299432 -0.128493
  0.897073 -0.035355 -0.128493  1.000000
jacobi: R(2)
  0.583834 -0.707107 -0.398921  0.000000
  0.583834  0.707107 -0.398921  0.000000
  0.564159  0.000000  0.825666  0.000000
  0.000000  0.000000  0.000000  1.000000
jacobi: cycle 3, found non-orthogonral max a[1][4]=0.897073
jacobi: cos_t=0.905968, sin_t=0.423345
jacobi: A(3)
  2.919756  0.003103 -0.054397  0.000000
  0.003103  0.200000  0.029192 -0.040475
 -0.054397  0.029192  0.299432 -0.116410
  0.000000 -0.040475 -0.116410  0.580812
jacobi: R(3)
  0.528935 -0.707107 -0.398921 -0.247163
  0.528935  0.707107 -0.398921 -0.247163
  0.511110  0.000000  0.825666 -0.238834
  0.423345  0.000000  0.000000  0.905968
jacobi: cycle 4, found non-orthogonral max a[3][4]=0.116410
jacobi: cos_t=0.940865, sin_t=0.338781
jacobi: A(4)
  2.919756  0.003103 -0.051180  0.018429
  0.003103  0.200000  0.013753 -0.047971
 -0.051180  0.013753  0.257516  0.000000
  0.018429 -0.047971  0.000000  0.622728
jacobi: R(4)
  0.528935 -0.707107 -0.459065 -0.097401
  0.528935  0.707107 -0.459065 -0.097401
  0.511110  0.000000  0.695928 -0.504430
  0.423345  0.000000  0.306924  0.852394
jacobi: cycle 5, found non-orthogonral max a[1][3]=0.051180
jacobi: cos_t=0.999815, sin_t=-0.019214
jacobi: A(5)
  2.920740  0.002838  0.000000  0.018425
  0.002838  0.200000  0.013810 -0.047971
  0.000000  0.013810  0.256532  0.000354
  0.018425 -0.047971  0.000354  0.622728
jacobi: R(5)
  0.537658 -0.707107 -0.448817 -0.097401
  0.537658  0.707107 -0.448817 -0.097401
  0.497645  0.000000  0.705620 -0.504430
  0.417370  0.000000  0.315002  0.852394
jacobi: cycle 6, found non-orthogonral max a[2][4]=0.047971
jacobi: cos_t=0.993780, sin_t=0.111358
jacobi: A(6)
  2.920740  0.004872  0.000000  0.017994
  0.004872  0.194625  0.013764  0.000000
  0.000000  0.013764  0.256532 -0.001186
  0.017994  0.000000 -0.001186  0.628103
jacobi: R(6)
  0.537658 -0.713555 -0.448817 -0.018053
  0.537658  0.691862 -0.448817 -0.175537
  0.497645 -0.056172  0.705620 -0.501293
  0.417370  0.094921  0.315002  0.847093
jacobi: cycle 7, found non-orthogonral max a[1][4]=0.017994
jacobi: cos_t=0.999969, sin_t=0.007848
jacobi: A(7)
  2.920881  0.004872 -0.000009  0.000000
  0.004872  0.194625  0.013764 -0.000038
 -0.000009  0.013764  0.256532 -0.001186
  0.000000 -0.000038 -0.001186  0.627962
jacobi: R(7)
  0.537500 -0.713555 -0.448817 -0.022272
  0.536264  0.691862 -0.448817 -0.179751
  0.493695 -0.056172  0.705620 -0.505183
  0.424005  0.094921  0.315002  0.843791
jacobi: cycle 8, found non-orthogonral max a[2][3]=0.013764
jacobi: cos_t=0.978197, sin_t=-0.207680
jacobi: A(8)
  2.920881  0.004768  0.001003  0.000000
  0.004768  0.191702  0.000000  0.000209
  0.001003  0.000000  0.259454 -0.001168
  0.000000  0.000209 -0.001168  0.627962
jacobi: R(8)
  0.537500 -0.604787 -0.587223 -0.022272
  0.536264  0.769988 -0.295345 -0.179751
  0.493695 -0.201491  0.678569 -0.505183
  0.424005  0.027432  0.327847  0.843791
jacobi: cycle 9, found non-orthogonral max a[1][2]=0.004768
jacobi: cos_t=0.999998, sin_t=0.001747
jacobi: A(9)
  2.920890  0.000000  0.001003  0.000000
  0.000000  0.191694 -0.000002  0.000209
  0.001003 -0.000002  0.259454 -0.001168
  0.000000  0.000209 -0.001168  0.627962
jacobi: R(9)
  0.536442 -0.605725 -0.587223 -0.022272
  0.537608  0.769050 -0.295345 -0.179751
  0.493342 -0.202353  0.678569 -0.505183
  0.424052  0.026691  0.327847  0.843791
jacobi: cycle 10, found non-orthogonral max a[3][4]=0.001168
jacobi: cos_t=0.999995, sin_t=0.003170
jacobi: A(10)
  2.920890  0.000000  0.001003 -0.000003
  0.000000  0.191694 -0.000001  0.000209
  0.001003 -0.000001  0.259451  0.000000
 -0.000003  0.000209  0.000000  0.627966
jacobi: R(10)
  0.536442 -0.605725 -0.587291 -0.020411
  0.537608  0.769050 -0.295914 -0.178814
  0.493342 -0.202353  0.676965 -0.507331
  0.424052  0.026691  0.330520  0.842748
jacobi: cycle 11, found non-orthogonral max a[1][3]=0.001003
jacobi: cos_t=1.000000, sin_t=0.000377
jacobi: A(11)
  2.920890 -0.000000  0.000000 -0.000003
 -0.000000  0.191694 -0.000001  0.000209
  0.000000 -0.000001  0.259450  0.000000
 -0.000003  0.000209  0.000000  0.627966
jacobi: R(11)
  0.536221 -0.605725 -0.587493 -0.020411
  0.537497  0.769050 -0.296116 -0.178814
  0.493597 -0.202353  0.676779 -0.507331
  0.424177  0.026691  0.330360  0.842748
jacobi: cycle 12, found non-orthogonral max a[2][4]=0.000209
jacobi: cos_t=1.000000, sin_t=-0.000479
jacobi: A(12)
  2.920890  0.000000  0.000000 -0.000003
  0.000000  0.191694 -0.000001  0.000000
  0.000000 -0.000001  0.259450  0.000000
 -0.000003  0.000000  0.000000  0.627966
jacobi: R(12)
  0.536221 -0.605715 -0.587493 -0.020701
  0.537497  0.769136 -0.296116 -0.178446
  0.493597 -0.202110  0.676779 -0.507428
  0.424177  0.026287  0.330360  0.842760
jacobi: cycle 13, found non-orthogonral max a[1][4]=0.000003
jacobi: cos_t=1.000000, sin_t=-0.000001
jacobi: A(13)
  2.920890  0.000000 -0.000000  0.000000
  0.000000  0.191694 -0.000001  0.000000
 -0.000000 -0.000001  0.259450  0.000000
  0.000000  0.000000  0.000000  0.627966
jacobi: R(13)
  0.536221 -0.605715 -0.587493 -0.020700
  0.537497  0.769136 -0.296116 -0.178445
  0.493598 -0.202110  0.676779 -0.507428
  0.424176  0.026287  0.330360  0.842761
jacobi: cycle 14, found non-orthogonral max a[2][3]=0.000001
jacobi: cos_t=1.000000, sin_t=0.000016
jacobi: A(14)
  2.920890  0.000000 -0.000000  0.000000
  0.000000  0.191694  0.000000  0.000000
 -0.000000  0.000000  0.259450  0.000000
  0.000000  0.000000  0.000000  0.627966
jacobi: R(14)
  0.536221 -0.605725 -0.587483 -0.020700
  0.537497  0.769131 -0.296129 -0.178445
  0.493598 -0.202099  0.676782 -0.507428
  0.424176  0.026293  0.330360  0.842761
jacobi: cycle 15, found non-orthogonral max a[1][2]=0.000000
jacobi: cos_t=1.000000, sin_t=0.000000
jacobi: A(15)
  2.920890  0.000000 -0.000000  0.000000
  0.000000  0.191694  0.000000  0.000000
 -0.000000  0.000000  0.259450  0.000000
  0.000000  0.000000  0.000000  0.627966
jacobi: R(15)
  0.536221 -0.605725 -0.587483 -0.020700
  0.537497  0.769131 -0.296129 -0.178445
  0.493598 -0.202099  0.676782 -0.507428
  0.424176  0.026293  0.330360  0.842761
jacobi: cycle 16, found non-orthogonral max a[3][4]=0.000000
jacobi: cos_t=1.000000, sin_t=-0.000000
jacobi: A(16)
  2.920890  0.000000 -0.000000  0.000000
  0.000000  0.191694  0.000000  0.000000
 -0.000000  0.000000  0.259450  0.000000
  0.000000  0.000000  0.000000  0.627966
jacobi: R(16)
  0.536221 -0.605725 -0.587483 -0.020700
  0.537497  0.769131 -0.296129 -0.178445
  0.493598 -0.202099  0.676782 -0.507428
  0.424176  0.026293  0.330360  0.842761
jacobi: finished after 17 cycles s=0.000000
./eigen_jacobi: eigen values
2.920890
0.191694
0.259450
0.627966
./eigen_jacobi: engen vectors
  0.536221 -0.605725 -0.587483 -0.020700
  0.537497  0.769131 -0.296129 -0.178445
  0.493598 -0.202099  0.676782 -0.507428
  0.424176  0.026293  0.330360  0.842761
