行列Aは次の通りです
 2.00	-1.00	 4.00	 1.00	
 1.00	-2.00	 0.00	 1.00	
 3.00	 3.00	-4.00	-1.00	
 2.00	-1.00	 1.00	 2.00	
逆行列は次の通りです
 0.228  0.246  0.193 -0.140 
-0.070 -0.614  0.018  0.351 
 0.211 -0.158 -0.053 -0.053 
-0.368 -0.474 -0.158  0.842 
